0 1 0
0.000000 0.000000 -6.183264
0.338003 -0.589173 -0.733914 0.000000 
-0.762549 0.285608 -0.580472 0.000000 
0.551610 0.755845 -0.352737 0.000000 
0.000000 0.000000 0.000000 1.000000 
